 mu          Etot        Etot_err    E_U         E_U_err     E_K         E_K_err     ntot        ntot_err    nn_corr     nn_corr_err  szsz_corr   szsz_corr_err
 0.00000000 -2.70120253  0.00059903 -1.46884136  0.00032238 -1.23227329  0.00061932  1.00000000  0.00104102  0.27116047  0.00016874 -0.03089043  0.00016866
 0.20000000 -2.50403462  0.00083159 -1.46510525  0.00041279 -1.03895929  0.00110797  0.97290137  0.00051039  0.25749480  0.00018442 -0.03059715  0.00018327
 0.40000000 -2.30994157  0.00041257 -1.45301301  0.00029430 -0.85709431  0.00052442  0.94449551  0.00091138  0.24256556  0.00017343 -0.02927795  0.00017119
 0.60000000 -2.12407272  0.00051783 -1.43342304  0.00045628 -0.69073736  0.00082350  0.91464480  0.00066134  0.22829609  0.00010198 -0.02899662  0.00007580
 0.80000000 -1.94225964  0.00021075 -1.40795811  0.00048110 -0.53427516  0.00055231  0.88251676  0.00087885  0.21242994  0.00036190 -0.02753016  0.00035574
 1.00000000 -1.77234473  0.00028828 -1.37345598  0.00032481 -0.39888776  0.00057699  0.84801217  0.00090173  0.19556167  0.00018485 -0.02573072  0.00017389
 1.20000000 -1.61084811  0.00040719 -1.33371349  0.00035891 -0.27718324  0.00050061  0.81123551  0.00081556  0.17832080  0.00012601 -0.02390315  0.00010607
 1.40000000 -1.45776403  0.00033590 -1.29245809  0.00033610 -0.16530594  0.00059712  0.77466568  0.00054495  0.16220353  0.00010738 -0.02240706  0.00008506
 1.60000000 -1.31633591  0.00044462 -1.24478259  0.00044031 -0.07161498  0.00062849  0.73701731  0.00070093  0.14637436  0.00009132 -0.02108581  0.00006570
 1.80000000 -1.18172046  0.00040305 -1.19670460  0.00033294  0.01508317  0.00056213  0.69992804  0.00065320  0.13119347  0.00011291 -0.01935774  0.00010168
 2.00000000 -1.05598861  0.00021456 -1.14731410  0.00042440  0.09132034  0.00051921  0.66341957  0.00037253  0.11727047  0.00009050 -0.01793483  0.00006170
