 mu          Etot        Etot_err    E_U         E_U_err     E_K         E_K_err     ntot        ntot_err    nn_corr     nn_corr_err  szsz_corr   szsz_corr_err
 0.00000000 -2.82302954  0.00057615 -1.51085597  0.00035614 -1.31201820  0.00029060  1.00000000  0.00183658  0.29397934  0.00074784 -0.05494014  0.00074763
 0.20000000 -2.62165057  0.00025989 -1.50739875  0.00048220 -1.11402651  0.00031934  0.99032262  0.00121229  0.28763568  0.00049261 -0.05334039  0.00049020
 0.40000000 -2.41762088  0.00062030 -1.49158315  0.00047054 -0.92569194  0.00058535  0.97371795  0.00138948  0.27821899  0.00047190 -0.05194762  0.00045953
 0.60000000 -2.21396966  0.00035440 -1.45734842  0.00066030 -0.75633270  0.00054840  0.94074782  0.00135377  0.25593047  0.00060303 -0.04539360  0.00059076
 0.80000000 -2.02159510  0.00053645 -1.40246817  0.00094087 -0.61917850  0.00072038  0.89030782  0.00069993  0.22522313  0.00039427 -0.03788455  0.00033742
 1.00000000 -1.84753453  0.00042153 -1.33200464  0.00073583 -0.51546193  0.00073041  0.82861656  0.00081585  0.19203429  0.00033639 -0.03167013  0.00022760
 1.20000000 -1.69653102  0.00051654 -1.25659275  0.00064481 -0.43986639  0.00087156  0.76633336  0.00055587  0.16280187  0.00020946 -0.02759220  0.00013110
 1.40000000 -1.56767489  0.00022865 -1.18010816  0.00044582 -0.38751983  0.00057104  0.70788615  0.00037925  0.13826546  0.00017547 -0.02518828  0.00012461
 1.60000000 -1.44958307  0.00023965 -1.12308726  0.00037031 -0.32645196  0.00051482  0.66576946  0.00029466  0.12163370  0.00009544 -0.02359156  0.00004040
 1.80000000 -1.33288361  0.00036745 -1.08960469  0.00043063 -0.24333801  0.00051682  0.64151589  0.00020943  0.11266822  0.00009106 -0.02290482  0.00004873
 2.00000000 -1.21324576  0.00023284 -1.07224355  0.00014891 -0.14099889  0.00034040  0.62896157  0.00007957  0.10824107  0.00005747 -0.02262585  0.00005176
